[0.21, 0.22, 0.27666666666666667, 0.355, 0.436, 0.5783333333333334, 0.7271428571428571, 0.93875, 1.1755555555555555, 1.454, 1.864, 2.294, 2.703, 3.148, 3.583, 4.015, 4.432, 4.714, 4.906, 5.092, 5.249, 5.376, 5.464, 5.556, 5.671, 5.858, 5.937, 6.064, 6.262, 6.43, 6.609, 6.744, 7.011, 7.248, 7.526, 7.68, 7.952, 8.133, 8.392, 8.612, 8.958, 9.384, 9.705, 9.95, 10.147, 10.433, 10.877, 11.476, 11.935, 12.477, 12.922, 13.347, 13.756, 14.205, 14.63, 14.961, 15.049, 15.231, 15.37, 15.458, 15.492, 15.6, 15.718, 15.77, 15.806, 15.88, 16.058, 16.066, 16.162][0.19, 0.315, 0.4766666666666667, 0.5475, 0.584, 0.6533333333333333, 0.7614285714285715, 0.85375, 0.9555555555555556, 1.101, 1.436, 1.74, 2.085, 2.511, 2.907, 3.293, 3.637, 4.03, 4.382, 4.721, 4.946, 5.2, 5.349, 5.525, 5.602, 5.77, 5.938, 6.123, 6.358, 6.553, 6.735, 6.914, 7.111, 7.282, 7.614, 7.721, 7.957, 8.176, 8.351, 8.72, 9.057, 9.365, 9.787, 10.058, 10.395, 10.918, 11.229, 11.693, 12.15, 12.513, 12.898, 13.326, 13.681, 14.078, 14.45, 14.753, 15.096, 15.291, 15.389, 15.369, 15.402, 15.448, 15.507, 15.58, 15.516, 15.492, 15.461, 15.474, 15.614]

[0.09, 0.19, 0.30333333333333334, 0.4, 0.548, 0.69, 0.7942857142857143, 1.02, 1.23, 1.517, 1.898, 2.36, 2.795, 3.202, 3.592, 3.951, 4.374, 4.622, 4.909, 5.05, 5.177, 5.331, 5.389, 5.498, 5.598, 5.655, 5.861, 6.112, 6.212, 6.358, 6.612, 6.66, 6.882, 7.192, 7.356, 7.654, 7.823, 8.034, 8.342, 8.654, 8.975, 9.391, 9.733, 10.018, 10.456, 10.902, 11.219, 11.658, 12.218, 12.71, 13.135, 13.564, 13.934, 14.304, 14.635, 14.97, 15.317, 15.506, 15.525, 15.605, 15.594, 15.744, 15.767, 15.76, 15.724, 15.622, 15.614, 15.591, 15.64]

[0.17, 0.22, 0.3333333333333333, 0.4275, 0.51, 0.675, 0.8414285714285714, 1.0625, 1.3411111111111111, 1.575, 1.974, 2.39, 2.818, 3.243, 3.646, 4.028, 4.314, 4.632, 4.85, 5.075, 5.225, 5.429, 5.493, 5.593, 5.81, 5.927, 6.106, 6.254, 6.482, 6.629, 6.775, 6.917, 7.228, 7.453, 7.643, 7.91, 8.19, 8.38, 8.584, 8.864, 9.194, 9.485, 9.769, 9.992, 10.3, 10.696, 11.115, 11.567, 11.96, 12.475, 13.002, 13.466, 13.894, 14.433, 14.745, 14.983, 15.199, 15.36, 15.417, 15.526, 15.447, 15.457, 15.42, 15.271, 15.236, 15.28, 15.242, 15.209, 15.323]

[0.16, 0.21, 0.22333333333333333, 0.28, 0.342, 0.3416666666666667, 0.36, 0.38625, 0.4022222222222222, 0.431, 0.476, 0.561, 0.686, 0.806, 1.022, 1.269, 1.518, 1.843, 2.316, 2.822, 3.308, 3.749, 4.249, 4.643, 4.95, 5.397, 5.697, 5.924, 6.102, 6.299, 6.536, 6.745, 6.815, 6.962, 7.205, 7.293, 7.501, 7.804, 8.04, 8.2, 8.386, 8.668, 8.955, 9.335, 9.673, 10.151, 10.663, 11.175, 11.649, 12.105, 12.668, 13.159, 13.777, 14.25, 14.6, 14.851, 15.171, 15.334, 15.542, 15.761, 15.873, 15.88, 15.913, 16.08, 16.162, 16.163, 16.146, 16.166, 16.213]

[0.11, 0.26, 0.38333333333333336, 0.4775, 0.542, 0.5966666666666667, 0.6071428571428571, 0.66875, 0.7511111111111111, 0.802, 1.038, 1.25, 1.519, 1.841, 2.276, 2.645, 3.203, 3.587, 3.945, 4.321, 4.676, 4.982, 5.219, 5.472, 5.614, 5.857, 5.952, 6.098, 6.31, 6.572, 6.808, 7.055, 7.322, 7.445, 7.737, 7.89, 8.069, 8.342, 8.587, 8.784, 8.916, 9.234, 9.406, 9.824, 10.16, 10.583, 10.917, 11.392, 11.899, 12.438, 13.007, 13.353, 13.862, 14.173, 14.457, 14.621, 14.882, 15.012, 15.011, 15.056, 15.025, 15.141, 15.238, 15.355, 15.323, 15.539, 15.615, 15.653, 15.715]

