[0.1, 0.08, 0.11333333333333333, 0.1225, 0.134, 0.13666666666666666, 0.14714285714285713, 0.14875, 0.15888888888888889, 0.169, 0.205, 0.234, 0.255, 0.281, 0.296, 0.337, 0.392, 0.456, 0.531, 0.601, 0.671, 0.746, 0.812, 0.863, 0.927, 0.959, 1.026, 1.09, 1.143, 1.188, 1.251, 1.324, 1.402, 1.497, 1.574, 1.637, 1.695, 1.832, 1.991, 2.312, 2.629, 3.017, 3.456, 3.864, 4.375, 5.029, 5.682, 6.351, 7.14, 8.029, 8.883, 9.813, 10.586, 11.467, 12.312, 13.115, 13.761, 14.327, 14.752, 14.94, 15.181, 15.261, 15.395, 15.459, 15.452, 15.298, 15.312, 15.335, 15.337]

[0.04, 0.035, 0.06333333333333334, 0.0725, 0.096, 0.09833333333333333, 0.12714285714285714, 0.1475, 0.16333333333333333, 0.173, 0.196, 0.24, 0.276, 0.321, 0.343, 0.381, 0.41, 0.456, 0.507, 0.591, 0.636, 0.664, 0.718, 0.786, 0.883, 0.963, 1.022, 1.061, 1.115, 1.173, 1.252, 1.401, 1.531, 1.608, 1.649, 1.747, 1.906, 2.188, 2.455, 2.688, 3.067, 3.414, 3.793, 4.259, 4.826, 5.418, 5.934, 6.526, 7.172, 8.028, 8.973, 9.873, 10.75, 11.568, 12.306, 12.996, 13.721, 14.208, 14.657, 14.868, 14.93, 15.019, 15.054, 15.045, 15.105, 15.09, 15.086, 15.198, 15.252]

[0.06, 0.06, 0.056666666666666664, 0.065, 0.078, 0.10833333333333334, 0.13, 0.16, 0.17333333333333334, 0.186, 0.232, 0.265, 0.309, 0.344, 0.385, 0.411, 0.45, 0.486, 0.517, 0.568, 0.581, 0.638, 0.705, 0.77, 0.82, 0.886, 0.964, 1.003, 1.098, 1.177, 1.294, 1.398, 1.535, 1.681, 1.872, 2.081, 2.259, 2.528, 2.764, 3.039, 3.384, 3.764, 4.053, 4.531, 4.951, 5.447, 5.933, 6.515, 7.184, 8.003, 8.813, 9.734, 10.735, 11.447, 12.229, 12.858, 13.579, 14.065, 14.519, 14.695, 14.909, 14.894, 14.921, 14.984, 15.031, 15.089, 15.085, 15.165, 15.091]

[0.1, 0.105, 0.11333333333333333, 0.1175, 0.126, 0.13833333333333334, 0.13714285714285715, 0.1475, 0.15555555555555556, 0.164, 0.179, 0.216, 0.243, 0.272, 0.297, 0.325, 0.379, 0.418, 0.464, 0.512, 0.562, 0.607, 0.687, 0.743, 0.836, 0.937, 1.002, 1.056, 1.153, 1.272, 1.409, 1.526, 1.619, 1.726, 1.865, 2.015, 2.166, 2.314, 2.371, 2.469, 2.64, 2.945, 3.335, 3.764, 4.112, 4.562, 5.124, 5.814, 6.653, 7.518, 8.469, 9.395, 10.222, 11.156, 11.917, 12.713, 13.293, 13.843, 14.205, 14.559, 14.685, 14.73, 14.79, 14.684, 14.78, 14.772, 14.84, 14.851, 14.908]

[0.07, 0.06, 0.07, 0.0975, 0.094, 0.10666666666666667, 0.12142857142857143, 0.13375, 0.14777777777777779, 0.161, 0.189, 0.219, 0.254, 0.284, 0.344, 0.398, 0.439, 0.484, 0.532, 0.584, 0.628, 0.679, 0.785, 0.881, 0.931, 0.996, 1.078, 1.169, 1.269, 1.371, 1.472, 1.607, 1.641, 1.666, 1.754, 1.922, 2.115, 2.304, 2.534, 2.767, 3.078, 3.344, 3.704, 4.136, 4.626, 5.007, 5.578, 6.185, 6.9, 7.779, 8.582, 9.473, 10.371, 11.263, 12.004, 12.749, 13.253, 13.723, 14.033, 14.188, 14.343, 14.477, 14.516, 14.538, 14.579, 14.686, 14.825, 14.903, 15.066]

