[0.1, 0.145, 0.14333333333333334, 0.1625, 0.18, 0.195, 0.19714285714285715, 0.2075, 0.2288888888888889, 0.254, 0.273, 0.293, 0.333, 0.353, 0.388, 0.411, 0.446, 0.475, 0.501, 0.497, 0.51, 0.55, 0.572, 0.583, 0.597, 0.618, 0.638, 0.676, 0.744, 0.858, 0.921, 0.981, 1.06, 1.169, 1.286, 1.407, 1.602, 1.841, 2.107, 2.518, 3.034, 3.453, 4.01, 4.612, 5.313, 6.005, 6.747, 7.483, 8.256, 8.871, 9.553, 10.344, 10.955, 11.598, 12.152, 12.585, 12.868, 13.102, 13.262, 13.459, 13.571, 13.533, 13.538, 13.507, 13.407, 13.472, 13.573, 13.64, 13.816]

[0.11, 0.115, 0.13333333333333333, 0.14, 0.15, 0.17666666666666667, 0.19, 0.20875, 0.22777777777777777, 0.252, 0.287, 0.303, 0.31, 0.328, 0.334, 0.357, 0.379, 0.387, 0.384, 0.387, 0.407, 0.425, 0.471, 0.496, 0.532, 0.544, 0.567, 0.608, 0.688, 0.756, 0.8, 0.889, 0.965, 1.03, 1.143, 1.275, 1.374, 1.554, 1.717, 1.95, 2.333, 2.713, 3.185, 3.801, 4.522, 5.236, 5.951, 6.793, 7.711, 8.638, 9.586, 10.435, 11.217, 11.824, 12.208, 12.706, 13.17, 13.473, 13.641, 13.633, 13.562, 13.58, 13.591, 13.584, 13.672, 13.722, 13.752, 13.692, 13.691]

[0.19, 0.175, 0.19666666666666666, 0.22, 0.22, 0.235, 0.25, 0.27, 0.2633333333333333, 0.278, 0.295, 0.341, 0.367, 0.38, 0.412, 0.436, 0.451, 0.458, 0.485, 0.484, 0.502, 0.505, 0.52, 0.556, 0.591, 0.6, 0.621, 0.649, 0.692, 0.743, 0.815, 0.857, 0.898, 0.95, 0.991, 1.087, 1.241, 1.386, 1.464, 1.608, 1.827, 2.291, 2.786, 3.359, 3.996, 4.736, 5.454, 6.369, 7.436, 8.493, 9.516, 10.355, 11.176, 11.892, 12.397, 12.81, 13.167, 13.342, 13.436, 13.525, 13.558, 13.556, 13.535, 13.424, 13.561, 13.677, 13.746, 13.812, 13.96]

[0.07, 0.125, 0.15, 0.1725, 0.164, 0.17833333333333334, 0.19714285714285715, 0.2125, 0.23444444444444446, 0.233, 0.256, 0.285, 0.308, 0.343, 0.386, 0.433, 0.457, 0.466, 0.475, 0.504, 0.544, 0.561, 0.572, 0.567, 0.568, 0.575, 0.588, 0.624, 0.687, 0.747, 0.781, 0.828, 0.899, 0.973, 1.085, 1.179, 1.319, 1.495, 1.623, 1.865, 2.175, 2.563, 3.175, 3.696, 4.437, 5.151, 5.962, 6.841, 7.793, 8.711, 9.62, 10.46, 11.051, 11.754, 12.162, 12.713, 13.06, 13.31, 13.524, 13.631, 13.672, 13.69, 13.629, 13.615, 13.676, 13.647, 13.544, 13.554, 13.529]

[0.11, 0.165, 0.17666666666666667, 0.225, 0.232, 0.24166666666666667, 0.2342857142857143, 0.24875, 0.2677777777777778, 0.265, 0.283, 0.301, 0.341, 0.35, 0.396, 0.445, 0.479, 0.504, 0.521, 0.57, 0.623, 0.661, 0.68, 0.714, 0.721, 0.762, 0.827, 0.868, 0.924, 0.971, 1.052, 1.147, 1.26, 1.393, 1.508, 1.603, 1.724, 1.968, 2.31, 2.753, 3.172, 3.686, 4.249, 4.852, 5.485, 6.289, 7.053, 7.871, 8.668, 9.357, 10.201, 10.963, 11.498, 12.069, 12.665, 12.93, 13.255, 13.46, 13.599, 13.741, 13.735, 13.696, 13.739, 13.837, 13.799, 13.964, 14.124, 14.181, 14.28]

