[0.06, 0.075, 0.07666666666666666, 0.085, 0.09, 0.11333333333333333, 0.12571428571428572, 0.14875, 0.17222222222222222, 0.195, 0.227, 0.255, 0.283, 0.326, 0.362, 0.397, 0.441, 0.518, 0.538, 0.58, 0.627, 0.699, 0.778, 0.84, 0.941, 0.993, 1.035, 1.063, 1.144, 1.22, 1.261, 1.27, 1.295, 1.371, 1.584, 1.876, 2.206, 2.533, 2.952, 3.367, 3.915, 4.499, 5.016, 5.567, 5.976, 6.462, 6.975, 7.659, 8.277, 9.02, 9.777, 10.46, 11.233, 11.989, 12.709, 13.326, 13.839, 14.19, 14.514, 14.691, 14.728, 14.814, 14.819, 14.823, 14.856, 14.846, 14.843, 14.762, 14.65]

[0.06, 0.07, 0.09666666666666666, 0.1, 0.102, 0.12166666666666667, 0.13857142857142857, 0.16375, 0.17777777777777778, 0.202, 0.236, 0.26, 0.301, 0.341, 0.403, 0.439, 0.488, 0.544, 0.61, 0.653, 0.74, 0.829, 0.933, 1.016, 1.082, 1.172, 1.23, 1.299, 1.422, 1.549, 1.679, 1.894, 2.064, 2.251, 2.548, 2.901, 3.286, 3.698, 4.026, 4.399, 4.734, 5.117, 5.476, 5.909, 6.265, 6.65, 7.113, 7.655, 8.322, 9.089, 9.865, 10.529, 11.274, 12.077, 12.876, 13.473, 14.025, 14.406, 14.746, 14.933, 15.065, 15.302, 15.339, 15.35, 15.369, 15.446, 15.487, 15.557, 15.595]

[0.1, 0.07, 0.06666666666666667, 0.0775, 0.09, 0.11333333333333333, 0.13, 0.1475, 0.1622222222222222, 0.194, 0.231, 0.263, 0.302, 0.335, 0.372, 0.393, 0.437, 0.469, 0.508, 0.558, 0.596, 0.624, 0.664, 0.724, 0.779, 0.836, 0.896, 0.989, 1.066, 1.124, 1.234, 1.463, 1.659, 1.879, 2.16, 2.459, 2.812, 3.111, 3.437, 3.926, 4.355, 4.765, 5.145, 5.622, 6.11, 6.576, 7.121, 7.84, 8.659, 9.438, 10.248, 11.095, 11.897, 12.655, 13.268, 13.974, 14.483, 14.847, 15.071, 15.268, 15.407, 15.408, 15.523, 15.488, 15.658, 15.773, 15.791, 15.839, 15.981]

[0.11, 0.08, 0.09333333333333334, 0.1125, 0.116, 0.12166666666666667, 0.12714285714285714, 0.13125, 0.14777777777777779, 0.167, 0.203, 0.253, 0.297, 0.329, 0.368, 0.403, 0.433, 0.504, 0.566, 0.599, 0.665, 0.733, 0.81, 0.881, 0.956, 1.047, 1.144, 1.215, 1.288, 1.376, 1.434, 1.618, 1.829, 2.03, 2.314, 2.565, 2.937, 3.305, 3.704, 4.098, 4.607, 4.972, 5.353, 5.825, 6.221, 6.736, 7.234, 7.815, 8.455, 9.238, 9.957, 10.645, 11.297, 11.941, 12.567, 13.118, 13.494, 13.795, 14.128, 14.293, 14.243, 14.29, 14.382, 14.399, 14.503, 14.512, 14.599, 14.611, 14.58]

[0.01, 0.02, 0.05, 0.055, 0.086, 0.10333333333333333, 0.11857142857142858, 0.13875, 0.15888888888888889, 0.171, 0.202, 0.241, 0.262, 0.316, 0.364, 0.388, 0.421, 0.464, 0.508, 0.541, 0.587, 0.601, 0.665, 0.691, 0.719, 0.789, 0.854, 0.894, 0.965, 1.064, 1.222, 1.399, 1.578, 1.803, 2.071, 2.392, 2.731, 3.202, 3.564, 3.988, 4.359, 4.765, 5.234, 5.743, 6.183, 6.598, 7.125, 7.578, 8.237, 9.049, 9.978, 10.87, 11.607, 12.325, 12.973, 13.726, 14.184, 14.603, 14.902, 14.973, 14.87, 14.901, 14.951, 14.958, 14.985, 14.871, 15.039, 15.158, 15.206]

