[0.13, 0.11, 0.13666666666666666, 0.165, 0.216, 0.24666666666666667, 0.2814285714285714, 0.3, 0.3088888888888889, 0.343, 0.407, 0.473, 0.541, 0.599, 0.624, 0.673, 0.727, 0.78, 0.863, 0.917, 0.946, 1.003, 1.079, 1.188, 1.29, 1.439, 1.528, 1.634, 1.692, 1.78, 1.906, 2.088, 2.211, 2.318, 2.569, 2.752, 3.029, 3.339, 3.782, 4.185, 4.6, 4.983, 5.395, 5.86, 6.168, 6.694, 7.155, 7.699, 8.234, 8.919, 9.57, 10.327, 11.017, 11.616, 12.272, 12.716, 13.156, 13.53, 13.819, 14.029, 14.242, 14.26, 14.318, 14.451, 14.6, 14.59, 14.607, 14.64, 14.624]

[0.1, 0.1, 0.11333333333333333, 0.14, 0.158, 0.17833333333333334, 0.21428571428571427, 0.2425, 0.2611111111111111, 0.271, 0.311, 0.35, 0.387, 0.436, 0.482, 0.528, 0.558, 0.582, 0.644, 0.701, 0.749, 0.84, 0.903, 0.958, 1, 1.053, 1.102, 1.174, 1.243, 1.353, 1.535, 1.732, 1.966, 2.147, 2.388, 2.688, 3.053, 3.348, 3.737, 4.045, 4.445, 4.799, 5.174, 5.59, 5.98, 6.356, 6.805, 7.464, 8.095, 8.819, 9.438, 10.154, 10.882, 11.561, 12.174, 12.722, 13.225, 13.552, 13.677, 13.916, 14.094, 14.133, 14.191, 14.289, 14.44, 14.503, 14.565, 14.678, 14.893]

[0.14, 0.18, 0.21666666666666667, 0.2425, 0.28, 0.2916666666666667, 0.30142857142857143, 0.31125, 0.31333333333333335, 0.324, 0.352, 0.383, 0.417, 0.456, 0.481, 0.521, 0.556, 0.588, 0.654, 0.735, 0.8, 0.852, 0.921, 0.996, 1.109, 1.217, 1.343, 1.423, 1.477, 1.549, 1.643, 1.829, 2.007, 2.167, 2.448, 2.702, 2.933, 3.292, 3.716, 4.106, 4.53, 4.899, 5.298, 5.894, 6.284, 6.79, 7.379, 7.941, 8.596, 9.312, 10.128, 10.852, 11.526, 12.081, 12.662, 13.176, 13.627, 14.07, 14.348, 14.521, 14.509, 14.587, 14.674, 14.651, 14.727, 14.762, 14.765, 14.627, 14.526]

[0.07, 0.1, 0.12666666666666668, 0.1475, 0.188, 0.21666666666666667, 0.25285714285714284, 0.3, 0.3088888888888889, 0.335, 0.387, 0.424, 0.482, 0.54, 0.627, 0.706, 0.771, 0.875, 0.979, 1.033, 1.098, 1.195, 1.246, 1.322, 1.324, 1.314, 1.322, 1.335, 1.443, 1.552, 1.655, 1.779, 1.941, 2.17, 2.436, 2.826, 3.156, 3.458, 3.763, 4.123, 4.532, 4.925, 5.378, 5.756, 6.161, 6.589, 7.077, 7.663, 8.21, 8.867, 9.629, 10.426, 11.092, 11.699, 12.372, 12.915, 13.5, 13.865, 14.198, 14.43, 14.574, 14.655, 14.772, 14.938, 14.98, 14.944, 14.945, 14.94, 15.076]

[0.09, 0.14, 0.15666666666666668, 0.17, 0.236, 0.25833333333333336, 0.28, 0.30375, 0.3055555555555556, 0.318, 0.36, 0.402, 0.448, 0.484, 0.495, 0.541, 0.58, 0.614, 0.684, 0.781, 0.88, 0.972, 1.077, 1.191, 1.335, 1.38, 1.435, 1.492, 1.56, 1.6, 1.718, 1.869, 2.029, 2.208, 2.421, 2.719, 3.059, 3.454, 3.858, 4.215, 4.563, 5.013, 5.431, 5.781, 6.171, 6.617, 7.072, 7.688, 8.386, 9.142, 9.924, 10.564, 11.285, 11.88, 12.539, 13.041, 13.513, 13.869, 14.058, 14.207, 14.2, 14.211, 14.213, 14.357, 14.295, 14.232, 14.279, 14.13, 14.108]

