[0.15, 0.27, 0.31, 0.34, 0.372, 0.4033333333333333, 0.42714285714285716, 0.44125, 0.4911111111111111, 0.528, 0.605, 0.649, 0.711, 0.765, 0.856, 0.912, 0.977, 1.103, 1.206, 1.342, 1.439, 1.6, 1.807, 2.041, 2.335, 2.517, 2.865, 3.167, 3.512, 3.874, 4.333, 4.808, 5.139, 5.542, 6.02, 6.5, 6.895, 7.301, 7.702, 8.027, 8.37, 8.607, 9, 9.231, 9.452, 9.923, 10.222, 10.633, 10.986, 11.359, 11.729, 12.2, 12.446, 12.801, 12.967, 13.08, 13.162, 13.209, 13.208, 13.202, 13.22, 13.088, 13.207, 13.212, 13.298, 13.266, 13.377, 13.4, 13.491]

[0.14, 0.2, 0.22666666666666666, 0.255, 0.306, 0.345, 0.3842857142857143, 0.46875, 0.5444444444444444, 0.617, 0.691, 0.76, 0.863, 0.997, 1.14, 1.4, 1.652, 1.989, 2.357, 2.738, 3.098, 3.483, 3.933, 4.445, 4.788, 5.001, 5.299, 5.51, 5.534, 5.72, 5.879, 6.143, 6.34, 6.445, 6.73, 7.035, 7.276, 7.491, 7.845, 8.034, 8.351, 8.444, 8.733, 9.077, 9.398, 9.612, 9.883, 10.135, 10.587, 11.012, 11.439, 11.936, 12.255, 12.585, 12.877, 13.189, 13.432, 13.716, 13.798, 13.86, 13.9, 13.998, 13.999, 13.961, 13.986, 13.959, 14.04, 14.012, 14.086]

[0.13, 0.235, 0.26666666666666666, 0.3125, 0.348, 0.4166666666666667, 0.4514285714285714, 0.4775, 0.5422222222222223, 0.607, 0.695, 0.763, 0.813, 0.855, 0.931, 0.958, 1.027, 1.108, 1.213, 1.23, 1.364, 1.479, 1.665, 1.915, 2.173, 2.527, 2.874, 3.217, 3.552, 4.066, 4.511, 5.01, 5.435, 5.744, 6.006, 6.291, 6.58, 6.921, 7.154, 7.417, 7.6, 7.816, 8.059, 8.406, 8.762, 9.11, 9.519, 9.976, 10.513, 10.937, 11.38, 11.755, 12.197, 12.551, 12.907, 13.192, 13.338, 13.349, 13.321, 13.361, 13.38, 13.358, 13.354, 13.36, 13.292, 13.303, 13.33, 13.368, 13.356]

[0.14, 0.165, 0.18666666666666668, 0.2425, 0.292, 0.36, 0.42, 0.47125, 0.5488888888888889, 0.602, 0.709, 0.806, 0.902, 0.957, 1.019, 1.055, 1.078, 1.123, 1.13, 1.173, 1.233, 1.307, 1.395, 1.65, 1.846, 2.041, 2.332, 2.598, 2.994, 3.413, 3.761, 4.242, 4.611, 4.921, 5.324, 5.738, 6.168, 6.652, 6.971, 7.289, 7.612, 7.987, 8.442, 8.791, 9.065, 9.494, 9.881, 10.236, 10.616, 11.039, 11.513, 11.769, 11.989, 12.335, 12.663, 12.883, 12.955, 13.006, 13.207, 13.255, 13.26, 13.297, 13.381, 13.346, 13.376, 13.355, 13.417, 13.483, 13.48]

[0.19, 0.24, 0.25333333333333335, 0.33, 0.376, 0.44, 0.4714285714285714, 0.5, 0.5744444444444444, 0.593, 0.664, 0.718, 0.795, 0.874, 0.975, 0.999, 1.067, 1.125, 1.183, 1.326, 1.444, 1.595, 1.757, 1.918, 2.171, 2.364, 2.576, 2.889, 3.196, 3.65, 4.072, 4.516, 4.957, 5.384, 5.668, 6.208, 6.65, 7.012, 7.403, 7.548, 7.657, 7.887, 8.074, 8.406, 8.73, 8.988, 9.253, 9.636, 10.019, 10.493, 11.062, 11.483, 11.807, 12.055, 12.307, 12.565, 12.842, 13.031, 13.079, 13.122, 13.116, 13.13, 13.229, 13.207, 13.255, 13.2, 13.28, 13.359, 13.469]

