[0.12, 0.145, 0.20333333333333334, 0.25, 0.292, 0.29333333333333333, 0.3142857142857143, 0.325, 0.35444444444444445, 0.377, 0.417, 0.467, 0.485, 0.505, 0.518, 0.558, 0.59, 0.619, 0.625, 0.666, 0.693, 0.71, 0.758, 0.821, 0.862, 0.886, 0.924, 1.026, 1.132, 1.239, 1.34, 1.495, 1.655, 1.818, 1.999, 2.241, 2.526, 2.857, 3.186, 3.503, 3.845, 4.202, 4.592, 5.088, 5.694, 6.326, 6.962, 7.649, 8.341, 9.162, 9.96, 10.729, 11.528, 12.136, 12.643, 13.038, 13.349, 13.572, 13.844, 13.989, 14.054, 14.04, 14.082, 14.155, 14.133, 14.262, 14.295, 14.294, 14.326]

[0.12, 0.185, 0.24333333333333335, 0.2775, 0.306, 0.33166666666666667, 0.32142857142857145, 0.32625, 0.35444444444444445, 0.359, 0.391, 0.438, 0.455, 0.487, 0.504, 0.516, 0.573, 0.613, 0.612, 0.648, 0.682, 0.677, 0.724, 0.766, 0.812, 0.844, 0.884, 0.922, 0.988, 1.085, 1.184, 1.32, 1.457, 1.56, 1.782, 2.061, 2.377, 2.667, 3.004, 3.437, 3.807, 4.228, 4.683, 5.27, 5.841, 6.519, 7.203, 7.789, 8.595, 9.404, 10.261, 11.069, 11.736, 12.362, 12.896, 13.241, 13.485, 13.894, 14.032, 14.088, 14.144, 14.228, 14.364, 14.429, 14.511, 14.64, 14.803, 14.901, 14.978]

[0.13, 0.195, 0.25666666666666665, 0.3, 0.348, 0.35833333333333334, 0.38, 0.385, 0.37, 0.361, 0.4, 0.413, 0.421, 0.436, 0.439, 0.45, 0.458, 0.47, 0.503, 0.528, 0.53, 0.557, 0.574, 0.582, 0.629, 0.681, 0.759, 0.848, 0.923, 0.997, 1.111, 1.196, 1.34, 1.518, 1.651, 1.868, 2.014, 2.21, 2.558, 2.968, 3.235, 3.711, 4.291, 4.814, 5.412, 6.064, 6.884, 7.78, 8.565, 9.314, 10.314, 11.069, 11.699, 12.372, 13.021, 13.468, 13.796, 13.972, 14.235, 14.41, 14.448, 14.453, 14.525, 14.552, 14.547, 14.613, 14.644, 14.624, 14.583]

[0.16, 0.265, 0.3, 0.3875, 0.424, 0.43, 0.4328571428571429, 0.435, 0.45555555555555555, 0.488, 0.543, 0.6, 0.635, 0.632, 0.646, 0.652, 0.671, 0.69, 0.713, 0.686, 0.683, 0.648, 0.65, 0.676, 0.713, 0.802, 0.881, 0.957, 1.062, 1.231, 1.365, 1.495, 1.619, 1.779, 1.97, 2.211, 2.442, 2.717, 2.986, 3.203, 3.648, 4.095, 4.567, 5.023, 5.478, 5.942, 6.588, 7.224, 8.019, 8.948, 9.719, 10.481, 11.227, 11.91, 12.453, 13.074, 13.488, 13.85, 14.024, 14.046, 14.029, 14.073, 14.075, 14.201, 14.321, 14.297, 14.342, 14.408, 14.379]

[0.12, 0.165, 0.24333333333333335, 0.2975, 0.332, 0.33666666666666667, 0.34714285714285714, 0.345, 0.35444444444444445, 0.372, 0.407, 0.445, 0.445, 0.447, 0.448, 0.47, 0.498, 0.529, 0.57, 0.593, 0.617, 0.641, 0.672, 0.707, 0.769, 0.842, 0.897, 0.96, 1.032, 1.137, 1.259, 1.381, 1.527, 1.756, 1.921, 2.153, 2.36, 2.693, 2.949, 3.324, 3.726, 4.106, 4.679, 5.107, 5.565, 6.065, 6.669, 7.26, 7.976, 8.723, 9.429, 10.234, 10.823, 11.436, 12.066, 12.554, 13.005, 13.373, 13.712, 13.847, 13.924, 13.952, 13.979, 14.049, 14.084, 14.183, 14.153, 14.109, 14.067]

