[0.08, 0.065, 0.11, 0.1125, 0.118, 0.13333333333333333, 0.16428571428571428, 0.1775, 0.2, 0.21, 0.247, 0.292, 0.335, 0.382, 0.439, 0.505, 0.539, 0.602, 0.652, 0.712, 0.796, 0.9, 0.993, 1.102, 1.191, 1.253, 1.35, 1.415, 1.514, 1.601, 1.721, 1.84, 1.941, 2.08, 2.175, 2.39, 2.644, 2.955, 3.244, 3.621, 4.089, 4.354, 4.756, 5.118, 5.726, 6.278, 6.888, 7.637, 8.429, 9.358, 10.073, 10.967, 11.775, 12.558, 13.07, 13.549, 13.927, 14.133, 14.285, 14.161, 14.11, 14.025, 13.983, 13.792, 13.801, 13.758, 13.686, 13.585, 13.507]

[0.13, 0.135, 0.16666666666666666, 0.1775, 0.208, 0.235, 0.28, 0.3175, 0.36333333333333334, 0.417, 0.503, 0.584, 0.683, 0.783, 0.901, 1.037, 1.122, 1.195, 1.239, 1.278, 1.352, 1.407, 1.421, 1.451, 1.471, 1.481, 1.531, 1.69, 1.858, 2.044, 2.122, 2.222, 2.345, 2.488, 2.597, 2.76, 2.985, 3.195, 3.5, 3.691, 4.068, 4.503, 5, 5.549, 6.154, 6.735, 7.382, 8.059, 8.792, 9.656, 10.56, 11.252, 11.957, 12.568, 13.075, 13.539, 13.842, 14.028, 14.051, 14.045, 13.85, 13.84, 13.816, 13.739, 13.735, 13.635, 13.667, 13.697, 13.558]

[0.15, 0.225, 0.21666666666666667, 0.22, 0.252, 0.26, 0.30428571428571427, 0.31875, 0.3711111111111111, 0.4, 0.437, 0.499, 0.584, 0.657, 0.735, 0.811, 0.863, 0.952, 1.01, 1.088, 1.223, 1.303, 1.364, 1.446, 1.521, 1.586, 1.665, 1.722, 1.805, 1.923, 2.001, 2.118, 2.223, 2.389, 2.521, 2.731, 2.939, 3.297, 3.555, 3.816, 4.171, 4.608, 5.04, 5.448, 6.009, 6.529, 7.167, 7.794, 8.546, 9.328, 10.158, 10.894, 11.564, 12.249, 12.734, 13.209, 13.507, 13.646, 13.792, 13.856, 13.784, 13.707, 13.631, 13.581, 13.575, 13.631, 13.67, 13.782, 13.773]

[0.1, 0.095, 0.12333333333333334, 0.16, 0.19, 0.215, 0.23142857142857143, 0.2575, 0.2577777777777778, 0.282, 0.339, 0.39, 0.45, 0.524, 0.579, 0.627, 0.697, 0.761, 0.842, 0.891, 0.968, 1.078, 1.207, 1.255, 1.315, 1.371, 1.449, 1.534, 1.619, 1.699, 1.796, 1.903, 2, 2.179, 2.343, 2.637, 2.892, 3.221, 3.517, 3.906, 4.349, 4.71, 5.062, 5.605, 6.121, 6.548, 7.147, 7.729, 8.361, 9.132, 9.947, 10.669, 11.388, 11.932, 12.509, 13.085, 13.477, 13.786, 14, 14.085, 13.906, 13.943, 13.909, 13.835, 13.858, 13.715, 13.589, 13.408, 13.38]

[0.01, 0.05, 0.06, 0.0775, 0.1, 0.12, 0.1442857142857143, 0.18, 0.19555555555555557, 0.238, 0.279, 0.316, 0.386, 0.448, 0.503, 0.571, 0.671, 0.701, 0.779, 0.828, 0.91, 1.023, 1.138, 1.234, 1.316, 1.389, 1.438, 1.552, 1.639, 1.737, 1.921, 2.116, 2.283, 2.572, 2.822, 3.132, 3.535, 3.898, 4.284, 4.649, 4.96, 5.395, 5.821, 6.205, 6.663, 7.214, 7.721, 8.399, 9.054, 9.833, 10.616, 11.161, 11.867, 12.374, 12.88, 13.259, 13.486, 13.507, 13.574, 13.443, 13.337, 13.249, 12.956, 12.826, 12.721, 12.538, 12.449, 12.385, 12.394]

