[0.05, 0.07, 0.12666666666666668, 0.145, 0.174, 0.20333333333333334, 0.22, 0.23625, 0.2511111111111111, 0.27, 0.326, 0.376, 0.425, 0.478, 0.534, 0.567, 0.606, 0.665, 0.696, 0.739, 0.756, 0.787, 0.798, 0.815, 0.846, 0.894, 0.938, 0.951, 1.027, 1.055, 1.106, 1.209, 1.341, 1.529, 1.71, 1.898, 2.114, 2.395, 2.708, 3.136, 3.54, 4.116, 4.668, 5.207, 5.749, 6.36, 7.007, 7.707, 8.47, 9.336, 10.255, 10.859, 11.458, 12.044, 12.613, 13.144, 13.599, 13.869, 13.985, 13.984, 13.995, 14.022, 13.998, 13.924, 13.895, 13.79, 13.753, 13.79, 13.769]

[0.09, 0.135, 0.16333333333333333, 0.1925, 0.192, 0.19166666666666668, 0.19142857142857142, 0.1875, 0.21, 0.221, 0.268, 0.293, 0.327, 0.329, 0.353, 0.411, 0.455, 0.531, 0.566, 0.624, 0.664, 0.722, 0.784, 0.841, 0.887, 0.915, 0.971, 0.998, 1.028, 1.063, 1.156, 1.267, 1.382, 1.55, 1.816, 2.08, 2.358, 2.69, 3.112, 3.716, 4.251, 4.809, 5.281, 5.963, 6.551, 7.242, 7.834, 8.565, 9.32, 9.968, 10.673, 11.338, 12.171, 12.722, 13.271, 13.497, 13.86, 14.063, 14.136, 14.114, 14.027, 13.952, 13.695, 13.458, 13.251, 13.261, 13.189, 13.172, 13.097]

[0.13, 0.15, 0.14666666666666667, 0.1525, 0.168, 0.18333333333333332, 0.2057142857142857, 0.23, 0.25666666666666665, 0.278, 0.311, 0.391, 0.428, 0.474, 0.512, 0.558, 0.586, 0.612, 0.647, 0.667, 0.707, 0.699, 0.743, 0.773, 0.828, 0.892, 0.974, 1.042, 1.112, 1.256, 1.425, 1.521, 1.662, 1.839, 2.042, 2.312, 2.627, 3.052, 3.491, 3.817, 4.244, 4.655, 5.247, 5.776, 6.485, 7, 7.687, 8.412, 9.117, 10.038, 10.765, 11.568, 12.114, 12.677, 13.039, 13.416, 13.605, 13.688, 13.667, 13.506, 13.473, 13.415, 13.342, 13.276, 13.217, 13.213, 13.182, 13.161, 13.165]

[0.12, 0.17, 0.2, 0.235, 0.25, 0.25, 0.26142857142857145, 0.285, 0.2866666666666667, 0.287, 0.332, 0.379, 0.41, 0.432, 0.453, 0.5, 0.544, 0.548, 0.594, 0.647, 0.642, 0.647, 0.686, 0.726, 0.795, 0.827, 0.881, 0.968, 1.025, 1.096, 1.196, 1.329, 1.4, 1.518, 1.623, 1.767, 1.922, 2.093, 2.384, 2.767, 3.22, 3.796, 4.398, 4.991, 5.686, 6.402, 7.181, 8.035, 9.012, 9.803, 10.662, 11.256, 11.851, 12.478, 13.057, 13.433, 13.775, 13.913, 13.853, 13.761, 13.617, 13.605, 13.419, 13.237, 12.941, 12.892, 12.679, 12.566, 12.475]

[0.11, 0.15, 0.13333333333333333, 0.145, 0.158, 0.16166666666666665, 0.17857142857142858, 0.195, 0.20222222222222222, 0.251, 0.282, 0.309, 0.327, 0.342, 0.397, 0.46, 0.507, 0.555, 0.625, 0.627, 0.69, 0.768, 0.82, 0.91, 0.94, 0.983, 1.047, 1.111, 1.136, 1.258, 1.336, 1.422, 1.612, 1.774, 2.053, 2.369, 2.677, 3.064, 3.544, 3.97, 4.482, 4.92, 5.414, 5.847, 6.36, 6.961, 7.495, 8.068, 8.767, 9.492, 10.176, 10.924, 11.578, 12.24, 12.704, 13.077, 13.525, 13.757, 13.818, 13.877, 13.733, 13.623, 13.512, 13.416, 13.387, 13.351, 13.257, 13.312, 13.244]

