[0.18, 0.135, 0.14333333333333334, 0.1425, 0.168, 0.18666666666666668, 0.20142857142857143, 0.215, 0.22, 0.234, 0.244, 0.276, 0.309, 0.354, 0.384, 0.42, 0.463, 0.515, 0.566, 0.641, 0.767, 0.863, 0.972, 1.032, 1.094, 1.172, 1.246, 1.313, 1.376, 1.439, 1.498, 1.561, 1.639, 1.738, 1.874, 2.02, 2.187, 2.481, 2.815, 3.016, 3.253, 3.632, 4.068, 4.574, 5.016, 5.547, 6.108, 6.778, 7.529, 8.563, 9.572, 10.355, 11.044, 11.707, 12.442, 12.948, 13.383, 13.674, 13.803, 13.78, 13.604, 13.643, 13.663, 13.596, 13.466, 13.485, 13.44, 13.312, 13.359]

[0.11, 0.135, 0.13, 0.1625, 0.168, 0.16, 0.17, 0.1675, 0.16777777777777778, 0.18, 0.196, 0.226, 0.248, 0.279, 0.312, 0.356, 0.387, 0.432, 0.477, 0.524, 0.557, 0.588, 0.637, 0.687, 0.755, 0.83, 0.897, 1.002, 1.084, 1.151, 1.234, 1.285, 1.388, 1.462, 1.534, 1.704, 1.872, 1.997, 2.19, 2.45, 2.704, 3.051, 3.363, 3.704, 4.324, 4.91, 5.584, 6.343, 7.21, 8.168, 9.199, 10.157, 11, 11.896, 12.488, 12.987, 13.454, 13.808, 14.076, 14.092, 14.093, 13.96, 14.034, 13.966, 13.884, 13.776, 13.665, 13.517, 13.289]

[0.06, 0.09, 0.11666666666666667, 0.1375, 0.162, 0.17833333333333334, 0.20285714285714285, 0.215, 0.2477777777777778, 0.269, 0.306, 0.355, 0.384, 0.436, 0.524, 0.593, 0.667, 0.725, 0.773, 0.823, 0.886, 0.932, 1.031, 1.097, 1.143, 1.187, 1.255, 1.314, 1.375, 1.493, 1.576, 1.67, 1.695, 1.731, 1.799, 1.923, 2.036, 2.221, 2.446, 2.601, 2.963, 3.268, 3.688, 4.21, 4.67, 5.281, 5.974, 6.648, 7.577, 8.519, 9.405, 10.338, 11.216, 11.959, 12.711, 13.249, 13.753, 14.275, 14.446, 14.455, 14.441, 14.353, 14.311, 14.23, 14.119, 14.069, 13.909, 13.793, 13.647]

[0.06, 0.075, 0.11333333333333333, 0.125, 0.142, 0.16166666666666665, 0.15714285714285714, 0.1725, 0.18555555555555556, 0.193, 0.234, 0.259, 0.281, 0.325, 0.377, 0.401, 0.473, 0.519, 0.575, 0.653, 0.695, 0.74, 0.799, 0.858, 0.898, 0.97, 1.026, 1.108, 1.178, 1.231, 1.35, 1.431, 1.51, 1.571, 1.728, 1.885, 2.024, 2.137, 2.266, 2.588, 2.803, 3.177, 3.603, 4.144, 4.68, 5.205, 5.803, 6.497, 7.458, 8.245, 9.252, 10.21, 11.109, 11.774, 12.48, 13.148, 13.705, 14.138, 14.331, 14.497, 14.475, 14.452, 14.351, 14.363, 14.261, 14.21, 14.158, 14.158, 14.113]

[0.14, 0.135, 0.15, 0.1525, 0.146, 0.17333333333333334, 0.18428571428571427, 0.195, 0.21888888888888888, 0.253, 0.301, 0.328, 0.383, 0.415, 0.458, 0.512, 0.591, 0.648, 0.752, 0.82, 0.888, 0.96, 1.025, 1.091, 1.155, 1.228, 1.271, 1.314, 1.344, 1.405, 1.495, 1.636, 1.738, 1.868, 2.06, 2.162, 2.283, 2.461, 2.618, 2.807, 3.02, 3.274, 3.58, 3.965, 4.47, 4.94, 5.729, 6.408, 7.37, 8.339, 9.393, 10.288, 11.222, 11.923, 12.589, 13.347, 13.766, 14.176, 14.316, 14.471, 14.372, 14.328, 14.248, 14.34, 14.218, 14.129, 14.021, 13.975, 13.857]

