[0.14, 0.205, 0.25333333333333335, 0.3025, 0.406, 0.42, 0.4514285714285714, 0.48625, 0.51, 0.555, 0.6, 0.658, 0.727, 0.779, 0.802, 0.899, 0.959, 1.053, 1.228, 1.317, 1.54, 1.749, 2.007, 2.231, 2.537, 2.889, 3.322, 3.738, 4.046, 4.501, 4.881, 5.242, 5.559, 5.953, 6.378, 6.726, 7.099, 7.367, 7.598, 7.982, 8.273, 8.732, 9.141, 9.486, 9.825, 10.178, 10.464, 10.886, 11.277, 11.669, 12.072, 12.24, 12.446, 12.588, 12.655, 12.679, 12.715, 12.636, 12.667, 12.496, 12.335, 12.308, 12.24, 12.188, 12.176, 12.099, 12.125, 12.121, 12.097]

[0.13, 0.135, 0.17333333333333334, 0.2125, 0.24, 0.29833333333333334, 0.30857142857142855, 0.32375, 0.3422222222222222, 0.367, 0.44, 0.523, 0.647, 0.7, 0.777, 0.885, 0.984, 1.076, 1.155, 1.217, 1.353, 1.482, 1.638, 1.851, 2.06, 2.345, 2.71, 3.044, 3.484, 4.132, 4.602, 5.024, 5.443, 5.8, 6.318, 6.582, 6.848, 7.247, 7.699, 7.738, 8.025, 8.349, 8.664, 9.08, 9.337, 9.673, 9.939, 10.263, 10.418, 10.793, 11.059, 11.353, 11.561, 11.731, 11.957, 12.216, 12.371, 12.445, 12.474, 12.589, 12.631, 12.611, 12.609, 12.653, 12.629, 12.598, 12.561, 12.533, 12.372]

[0.24, 0.3, 0.32666666666666666, 0.34, 0.402, 0.49, 0.5914285714285714, 0.675, 0.7533333333333333, 0.817, 0.918, 1.001, 1.073, 1.154, 1.265, 1.346, 1.366, 1.475, 1.533, 1.616, 1.715, 1.846, 2.026, 2.198, 2.407, 2.698, 3.163, 3.443, 3.796, 4.144, 4.502, 4.898, 5.287, 5.734, 6.181, 6.53, 6.761, 7.191, 7.584, 7.949, 8.331, 8.637, 8.972, 9.355, 9.628, 9.901, 10.302, 10.637, 10.971, 11.407, 11.859, 12.259, 12.595, 12.826, 13.095, 13.24, 13.057, 12.939, 12.802, 12.655, 12.4, 12.234, 12.016, 11.779, 11.523, 11.414, 11.384, 11.19, 10.786]

[0.14, 0.22, 0.2866666666666667, 0.3, 0.366, 0.385, 0.4328571428571429, 0.515, 0.5866666666666667, 0.671, 0.784, 0.884, 0.938, 1.058, 1.134, 1.298, 1.407, 1.469, 1.558, 1.686, 1.818, 1.997, 2.261, 2.415, 2.666, 2.936, 3.282, 3.647, 3.987, 4.32, 4.6, 5.046, 5.388, 5.897, 6.279, 6.526, 6.901, 7.169, 7.559, 7.892, 8.334, 8.471, 8.853, 9.167, 9.495, 9.926, 10.238, 10.574, 10.959, 11.376, 11.774, 12.232, 12.511, 12.792, 13.059, 13.191, 13.371, 13.585, 13.536, 13.369, 13.275, 13.165, 13.12, 13.085, 12.971, 12.933, 12.783, 12.674, 12.521]

[0.12, 0.165, 0.22, 0.2475, 0.284, 0.33, 0.36857142857142855, 0.3975, 0.46, 0.51, 0.623, 0.757, 0.872, 0.998, 1.175, 1.404, 1.735, 2.119, 2.482, 2.748, 3.039, 3.38, 3.724, 4.054, 4.348, 4.626, 4.782, 4.856, 5.043, 5.297, 5.522, 5.776, 6.069, 6.232, 6.438, 6.687, 6.985, 7.269, 7.612, 7.946, 8.19, 8.434, 8.589, 8.893, 9.227, 9.651, 9.904, 10.26, 10.546, 10.852, 11.314, 11.584, 11.914, 12.184, 12.436, 12.414, 12.541, 12.586, 12.288, 12.092, 11.789, 11.641, 11.479, 11.499, 11.247, 11.181, 11.076, 10.974, 11.096]

