[0.08, 0.105, 0.11666666666666667, 0.1125, 0.136, 0.15166666666666667, 0.16428571428571428, 0.165, 0.1688888888888889, 0.18, 0.199, 0.214, 0.236, 0.255, 0.265, 0.28, 0.302, 0.336, 0.364, 0.395, 0.424, 0.456, 0.474, 0.508, 0.531, 0.564, 0.594, 0.611, 0.655, 0.695, 0.72, 0.753, 0.788, 0.855, 0.907, 0.971, 1.036, 1.14, 1.231, 1.299, 1.466, 1.703, 2.011, 2.393, 3.005, 3.633, 4.514, 5.464, 6.524, 7.809, 9.059, 10.171, 11.266, 12.216, 13.045, 13.738, 14.126, 14.445, 14.687, 14.775, 14.793, 14.758, 14.718, 14.677, 14.577, 14.567, 14.526, 14.458, 14.316]

[0.09, 0.12, 0.12666666666666668, 0.12, 0.134, 0.12666666666666668, 0.13, 0.145, 0.14222222222222222, 0.145, 0.158, 0.175, 0.198, 0.227, 0.254, 0.285, 0.304, 0.323, 0.37, 0.395, 0.428, 0.442, 0.461, 0.487, 0.496, 0.522, 0.555, 0.592, 0.616, 0.66, 0.69, 0.772, 0.845, 0.897, 0.97, 1.074, 1.21, 1.355, 1.524, 1.706, 1.979, 2.173, 2.47, 3.09, 3.737, 4.464, 5.268, 6.054, 6.96, 8.093, 9.292, 10.501, 11.657, 12.461, 13.121, 13.697, 14.118, 14.574, 14.822, 14.936, 14.838, 14.74, 14.57, 14.365, 14.319, 14.232, 14.263, 14.19, 14.179]

[0.12, 0.105, 0.12333333333333334, 0.13, 0.134, 0.14, 0.15, 0.15125, 0.16111111111111112, 0.168, 0.182, 0.195, 0.217, 0.225, 0.239, 0.261, 0.285, 0.317, 0.36, 0.387, 0.435, 0.473, 0.507, 0.551, 0.59, 0.635, 0.67, 0.722, 0.762, 0.795, 0.773, 0.82, 0.856, 0.917, 1.002, 1.058, 1.144, 1.219, 1.32, 1.577, 1.912, 2.18, 2.58, 3.01, 3.563, 4.187, 4.917, 5.795, 6.842, 7.834, 8.935, 9.97, 10.945, 11.831, 12.575, 13.315, 13.972, 14.384, 14.48, 14.564, 14.379, 14.368, 14.162, 14.092, 14.062, 13.879, 13.605, 13.524, 13.502]

[0.07, 0.09, 0.13333333333333333, 0.1475, 0.166, 0.17666666666666667, 0.16714285714285715, 0.1725, 0.17333333333333334, 0.167, 0.19, 0.21, 0.22, 0.234, 0.241, 0.269, 0.304, 0.32, 0.35, 0.39, 0.416, 0.44, 0.462, 0.475, 0.511, 0.537, 0.572, 0.592, 0.651, 0.676, 0.709, 0.765, 0.823, 0.878, 0.901, 0.906, 0.91, 0.995, 1.023, 1.125, 1.228, 1.375, 1.589, 1.98, 2.601, 3.377, 4.222, 5.171, 6.309, 7.571, 8.921, 10.201, 11.348, 12.33, 13.065, 13.737, 14.217, 14.597, 14.779, 14.745, 14.566, 14.38, 14.217, 14.136, 14.109, 13.884, 13.734, 13.713, 13.577]

[0.06, 0.07, 0.09333333333333334, 0.1275, 0.136, 0.14166666666666666, 0.15, 0.1675, 0.17333333333333334, 0.187, 0.218, 0.234, 0.256, 0.258, 0.274, 0.292, 0.316, 0.331, 0.364, 0.386, 0.402, 0.439, 0.456, 0.499, 0.532, 0.575, 0.597, 0.655, 0.704, 0.748, 0.789, 0.863, 0.952, 1.043, 1.165, 1.253, 1.361, 1.571, 1.795, 2.021, 2.283, 2.534, 2.865, 3.248, 3.718, 4.335, 5.159, 5.846, 6.716, 7.895, 9.044, 10.092, 11.053, 11.946, 12.761, 13.381, 13.885, 14.334, 14.495, 14.478, 14.344, 14.232, 14.19, 14.104, 13.954, 13.832, 13.667, 13.544, 13.579]

